7.95
6.47
-9.11
7.78
-1.43
-7.57
7.34
0.28
9.44
-5.82
9.52
8.42
-5.03
1.15
3.12
-8.8
8.49
-6.51
9.37
1.9
-1.62
-7.05
7.23
-2.71
-6.91
9.94
-9.58
8.46
6.4
6.6
1.17
-4.38
2.45
-4.44
0.66
-1.19
-7.83
-4.91
-8.25
8.65
-0.51
-2.78
5.88
-4.06
2.94
7.16
6.13
5.96
-8.08
5.07
-4.13
4.05
-5.87
-8.82
-6.47
0.3
4.78
7.6
-9.65
-0.08
-3.16
-3.74
6.91
-9.12
-5.67
1.11
-0.98
4.93
5.44
-0.41
-9.41
4.58
-3.81
-1.41
-2.2
5.8
-3.18
2.5
3.33
-8.31
9.05
-1.05
8.09
6.83
-2.93
-4.16
-0.45
6.48
-8.53
3.54
0.26
-5.53
-8.07
-6.1
9.26
5.53
-7.27
-9.66
1.83
-1.34
-9.13
-0.11
-9.7
-1.81
-0.42
-6.61
3.38
-6.91
-0.63
-0.31
-4.44
-3.89
-0.07
4.46
-4.65
-3.32
-1.08
-6.17
9.98
-9.24
1.51
-4.91
-3.82
4.15
-1.1
-0.6
2.03
-1.67
-0.86
7.78
-0.29
4.52
9.64
7.22
-9.1
-9.37
-2.92
-4.43
-3.24
1.2
-3.15
6.45
-4.17
-0.58
4.59
-5.71
1.05
-6.51
4.21
-6.81
-6.02
7.74
7.27
2.43
-9.06
-6.05
7.39
4.81
9.73
-4.6
6.71
-3.0
0.69
-0.95
-0.14
-2.37
0.62
-3.32
7.59
-2.03
-4.59
-1.51
-1.56
-9.51
1.62
-9.22
-6.35
1.91
-7.57
-2.87
7.53
-2.82
6.62
7.7
-4.49
-3.98
6.36
4.39
3.37
5.69
3.45
7.82
9.73
-8.69
-7.84
0.18
-3.71
0.6
-1.48
-4.76
1.09
-3.68
-5.75
-6.35
-7.82
-7.35
2.88
5.74
-8.87
-9.92
5.69
-5.15
-2.59
-2.02
-7.73
-6.6
0.98
5.33
4.87
-4.17
1.75
3.84
1.47
-9.02
8.41
-7.17
-9.18
-7.55
-4.87
7.2
4.96
6.37
-8.64
1.36
3.39
6.56
-6.55
7.39
6.38
9.8
-8.84
-7.88
2.31
1.72
1.23
7.31
-1.2
4.08
2.62
-0.96
-9.65
9.44
-5.27
-8.55
2.38
-6.58
-6.83
1.6
2.3
-7.95
2.03
1.8
9.59
-1.43
6.6
-5.89
-6.23
1.4
-2.81
-6.23
1.59
6.34
-0.3
4.07
7.77
4.35
7.37
-5.02
-0.14
2.5
5.25
5.51
-6.92
0.46
8.27
2.97
7.82
-9.16
-5.07
-2.18
6.47
-7.53
3.9
3.8
2.21
1.34
-1.93
1.95
-5.3
3.68
-6.81
1.11
6.48
0.22
2.07
9.65
6.28
-9.4
-5.73
7.75
-8.68
1.02
-4.36
-0.02
5.09
-8.36
3.7
-9.25
6.96
1.37
6.71
2.34
1.95
-2.9
8.79
-5.97
6.05
2.22
-4.29
-5.62
6.38
1.57
-2.03
6.27
-7.56
-1.34
-4.58
9.23
0.1
-3.3
7.23
-9.7
4.11
2.4
-6.5
-5.66
0.84
-5.62
7.45
0.28
9.44
7.3
5.17
-7.37
-4.99
-5.38
8.24
6.62
4.51
-8.66
7.89
7.91
-5.07
3.13
-4.26
-1.61
9.12
-7.57
-9.48
1.4
-3.2
0.26
-8.25
6.5
7.7
0.91
-4.31
-4.03
1.16
-0.71
7.08
-5.04
4.89
-7.99
-4.68
-8.88
2.97
8.6
-0.41
7.85
6.76
2.34
-5.99
-0.14
9.35
8.39
7.65
-3.45
9.67
3.81
-4.91
-0.85
-4.86
0.23
1.46
-7.76
1.66
5.24
-0.01
5.73
3.69
-4.32
-5.68
1.71
-9.21
-9.41
-4.72
2.03
-9.66
-5.56
3.68
0.31
4.36
-5.22
7.07
2.12
5.84
-9.8
-7.54
-8.63
4.06
3.08
-9.07
-4.66
5.89
6.22
-0.88
1.48
-7.9
-5.52
-4.91
1.41
1.43
4.07
-9.21
-3.28
2.24
-4.44
-6.59
6.35
-5.38
-5.92
-2.35
-5.71
-7.3
9.49
1.98
-4.65
5.72
7.63
-9.15
-6.42
-2.56
-4.76
-3.69
-1.03
5.55
5.33
6.38
-7.99
-1.57
7.85
6.63
7.37
1.78
4.67
-7.44
3.71
-7.63
9.2
4.46
-2.91
-6.88
0.54
-4.84
9.02
5.91
7.81
5.68
-3.75
-5.21
-0.07
-2.41
-0.43
-5.66
2.41
9.21
3.18
-4.54
-2.73
-5.21
3.4
3.89
5.08
-7.11
3.81
7.82
2.31
-8.52
-0.46
5.4
6.42
-1.92
-8.45
-0.52
1.22
-5.52
-4.72
2.26
-7.03
1.23
-5.39
-7.07
7.13
-1.53
3.76
-1.52
-0.01
7.41
6.58
4.44
-4.95
-6.17
4.0
2.27
8.77
-3.38
-2.5
3.59
-5.52
-5.83
7.43
-5.67
-1.84
-6.65
3.87
-0.02
9.91
9.25
-7.39
0.84
2.6
-7.49
-6.01
-7.98
-4.17
3.45
-1.32
-7.55
1.29
-3.28
1.38
7.43
9.42
3.71
5.39
-5.75
2.16
2.99
8.62
-4.15
-2.95
7.21
-2.33
-5.29
0.77
-4.89
-8.97
3.14
5.85
2.56
-0.39
2.8
7.0
9.98
9.31
-4.06
2.4
3.3
7.73
9.57
5.57
5.33
-6.31
-5.31
9.39
0.45
-5.86
-2.36
-3.03
4.2
7.31
5.6
2.39
-4.69
4.21
4.51
8.2
0.99
7.33
-5.08
-6.75
-3.48
4.81
-9.09
7.63
5.18
-9.63
1.85
-0.01
-2.27
1.98
4.45
-4.43
-4.3
9.63
-0.6
-4.05
-0.05
-1.84
0.16
-4.36
-7.39
2.72
-0.39
-5.95
4.4
7.42
4.57
-8.62
8.01
-9.92
0.16
-8.66
6.37
-5.99
6.64
-4.26
0.56
2.34
1.15
5.45
-3.46
1.64
3.85
-5.13
3.85
-0.68
-5.46
0.02
0.17
7.87
6.0
4.77
4.09
-9.91
-1.14
-3.77
-3.38
2.22
9.79
9.88
8.51
1.89
-9.1
2.57
8.95
-1.71
9.08
-5.27
-4.96
9.72
7.65
-2.95
-9.03
2.58
9.24
-2.75
5.51
9.04
-1.11
9.01
-2.55
-9.16
5.13
-8.89
7.5
4.5
-6.04
2.1
-9.76
-1.76
5.84
8.2
-8.34
0.7
-9.78
0.73
-6.73
7.92
4.34
-9.28
1.3
-2.63
8.89
-7.88
-4.21
7.58
2.11
9.96
-0.88
3.16
7.51
3.43
3.53
8.38
6.86
4.16
-2.74
4.24
-8.33
4.01
-8.62
1.93
9.38
5.75
-9.23
2.88
5.36
-9.82
1.92
-8.41
3.83
1.19
-2.23
6.76
4.76
8.44
-0.81
-0.95
2.01
-7.6
3.91
9.38
4.3
-8.52
1.32
-1.53
4.35
-9.34
5.1
9.17
-4.6
4.88
-2.15
9.33
-0.35
7.85
3.18
-2.4
-1.23
-6.79
-1.85
-6.67
5.99
-4.86
7.55
-9.59
-6.14
-3.84
-8.39
3.62
-6.69
-8.83
6.66
-0.24
-5.59
0.89
-3.37
1.76
2.3
3.94
-6.23
-1.77
5.01
-8.52
-5.36
-8.49
-5.06
-2.58
-1.65
-6.95
0.07
-4.39
-4.42
8.87
7.97
7.97
1.38
-4.28
-9.2
-4.23
2.54
2.91
-4.76
5.83
3.39
9.05
7.95
0.34
-3.15
3.44
-8.08
-1.87
-0.83
-6.48
-1.05
-3.99
0.51
2.44
-3.27
5.38
-2.71
9.27
7.87
9.75
-5.25
6.73
9.17
-7.48
-0.53
-1.26
4.08
-8.67
-1.6
-0.47
0.65
1.54
-4.25
0.65
-9.1
1.7
5.7
-6.55
-3.68
-7.55
-3.16
-1.06
5.11
-6.46
8.47
-4.08
1.05
6.49
-5.56
5.18
-0.51
-4.18
-6.07
-5.38
2.28
-3.5
-3.91
7.33
0.32
-0.8
2.62
-6.97
0.45
-2.79
-8.23
4.04
-1.19
0.21
-0.94
-8.16
3.04
-4.25
-8.85
-9.95
-9.77
2.03
-4.98
0.3
8.26
5.58
-1.05
1.62
-4.86
-8.7
-6.03
1.23
-7.38
-0.19
-5.18
9.55
-0.46
-9.23
-6.71
5.07
7.33
-0.7
-0.01
-6.17
-9.24
0.07
2.58
-0.24
-2.44
-7.13
2.78
-9.77
-7.55
-8.88
-6.02
1.07
-8.31
2.23
-4.96
3.28
-8.68
0.88
8.01
9.16
-7.94
6.31
7.68
-0.33
6.27
6.08
-6.49
-6.74
-3.16
6.39
3.31
6.2
9.67
5.01
-5.96
-9.3
6.49
-1.75
2.48
-4.15
-5.33
-7.78
-9.33
3.55
7.06
-9.46
7.53
4.9
9.84
-1.97
-6.61
-2.67
4.81
-6.83
-9.12
-4.67
-4.72
3.74
-6.45
3.91
4.39
3.02
5.14
-9.99
8.7
9.63
-4.25
-9.06
-9.02
-0.4
7.91
7.6
-1.45
-7.27
-8.65
2.33
-8.64
4.32
7.67
4.62
6.59
-1.04
-9.21
1.61
-7.5
3.0
