-100 34 66
-100 43 57
-100 43 57
-100 48 52
-96 5 91
-96 28 68
-96 31 65
-96 31 65
-96 36 60
-96 5 91
-96 28 68
-96 31 65
-96 31 65
-96 36 60
-95 -3 98
-95 4 91
-95 11 84
-95 17 78
-95 27 68
-95 36 59
-95 38 57
-95 43 52
-95 43 52
-94 -4 98
-94 3 91
-94 6 88
-94 28 66
-94 31 63
-94 31 63
-94 34 60
-94 38 56
-94 42 52
-86 -5 91
-86 11 75
-86 15 71
-86 27 59
-86 34 52
-86 36 50
-86 38 48
-86 43 43
-85 -6 91
-85 -3 88
-85 -1 86
-85 1 84
-85 1 84
-85 15 70
-85 17 68
-85 28 57
-85 42 43
-83 -5 88
-83 -3 86
-83 -1 84
-83 5 78
-83 13 70
-83 15 68
-83 17 66
-83 27 56
-83 31 52
-83 31 52
-78 -6 84
-78 3 75
-78 13 65
-78 15 63
-78 28 50
-78 36 42
-76 1 75
-76 1 75
-76 5 71
-76 6 70
-76 11 65
-76 13 63
-76 17 59
-76 28 48
-76 34 42
-76 1 75
-76 1 75
-76 5 71
-76 6 70
-76 11 65
-76 13 63
-76 17 59
-76 28 48
-76 34 42
-75 -16 91
-75 -11 86
-75 -11 86
-75 -3 78
-75 -1 76
-75 4 71
-75 5 70
-75 15 60
-75 27 48
-75 -16 91
-75 -11 86
-75 -11 86
-75 -3 78
-75 -1 76
-75 4 71
-75 5 70
-75 15 60
-75 27 48
-74 -4 78
-74 -1 75
-74 3 71
-74 4 70
-74 6 68
-74 11 63
-74 15 59
-74 17 57
-74 31 43
-74 31 43
-74 36 38
-74 -4 78
-74 -1 75
-74 3 71
-74 4 70
-74 6 68
-74 11 63
-74 15 59
-74 17 57
-74 31 43
-74 31 43
-74 36 38
-73 -25 98
-73 -25 98
-73 -11 84
-73 -11 84
-73 -5 78
-73 -3 76
-73 3 70
-73 5 68
-73 13 60
-73 17 56
-73 31 42
-73 31 42
-71 -5 76
-71 -4 75
-71 1 70
-71 1 70
-71 3 68
-71 5 66
-71 6 65
-71 11 60
-71 15 56
-71 28 43
-68 -16 84
-68 -3 71
-68 3 65
-68 5 63
-68 11 57
-68 -16 84
-68 -3 71
-68 3 65
-68 5 63
-68 11 57
-62 -29 91
-62 -26 88
-62 -16 78
-62 -6 68
-62 -4 66
-62 -3 65
-62 -1 63
-62 3 59
-62 5 57
-62 6 56
-62 28 34
-62 31 31
-62 -29 91
-62 -26 88
-62 -16 78
-62 -6 68
-62 -4 66
-62 -3 65
-62 -1 63
-62 3 59
-62 5 57
-62 6 56
-62 28 34
-62 31 31
-60 -38 98
-60 -26 86
-60 -16 76
-60 -11 71
-60 -11 71
-60 -6 66
-60 -5 65
-60 -3 63
-60 1 59
-60 1 59
-60 3 57
-60 4 56
-60 17 43
-60 -38 98
-60 -26 86
-60 -16 76
-60 -11 71
-60 -11 71
-60 -6 66
-60 -5 65
-60 -3 63
-60 1 59
-60 1 59
-60 3 57
-60 4 56
-60 17 43
-60 -38 98
-60 -26 86
-60 -16 76
-60 -11 71
-60 -11 71
-60 -6 66
-60 -5 65
-60 -3 63
-60 1 59
-60 1 59
-60 3 57
-60 4 56
-60 17 43
-58 -26 84
-58 -5 63
-58 -1 59
-58 1 57
-58 1 57
-58 6 52
-58 15 43
-58 27 31
-57 -29 86
-57 -11 68
-57 -11 68
-57 -6 63
-57 -3 60
-57 1 56
-57 1 56
-57 5 52
-57 15 42
-57 -29 86
-57 -11 68
-57 -11 68
-57 -6 63
-57 -3 60
-57 1 56
-57 1 56
-57 5 52
-57 15 42
-57 -29 86
-57 -11 68
-57 -11 68
-57 -6 63
-57 -3 60
-57 1 56
-57 1 56
-57 5 52
-57 15 42
-56 -32 88
-56 -32 88
-56 -4 60
-56 -3 59
-56 -1 57
-56 4 52
-56 6 50
-56 13 43
-53 -45 98
-53 -45 98
-53 -38 91
-53 -25 78
-53 -25 78
-53 -6 59
-53 -4 57
-53 -3 56
-53 1 52
-53 1 52
-53 3 50
-53 5 48
-53 11 42
-53 15 38
-53 17 36
-52 -46 98
-52 -32 84
-52 -32 84
-52 -26 78
-52 -16 68
-52 -11 63
-52 -11 63
-52 -5 57
-52 -4 56
-52 4 48
-51 -37 88
-51 -25 76
-51 -25 76
-51 -6 57
-51 -5 56
-51 -1 52
-51 1 50
-51 1 50
-51 3 48
-51 13 38
-51 15 36
-51 17 34
-48 -43 91
-48 -38 86
-48 -11 59
-48 -11 59
-48 -4 52
-48 5 43
-48 6 42
-48 17 31
-46 -45 91
-46 -45 91
-46 -38 84
-46 -32 78
-46 -32 78
-46 -29 75
-46 -25 71
-46 -25 71
-46 -11 57
-46 -11 57
-46 -6 52
-46 -4 50
-46 3 43
-46 4 42
-46 15 31
-45 -43 88
-45 -26 71
-45 -25 70
-45 -25 70
-45 -11 56
-45 -11 56
-45 -5 50
-45 -3 48
-45 3 42
-45 11 34
-45 17 28
-45 -43 88
-45 -26 71
-45 -25 70
-45 -25 70
-45 -11 56
-45 -11 56
-45 -5 50
-45 -3 48
-45 3 42
-45 11 34
-45 17 28
-44 -32 76
-44 -32 76
-44 -26 70
-44 -16 60
-44 -6 50
-44 -4 48
-44 1 43
-44 1 43
-44 6 38
-44 13 31
-44 17 27
-43 -32 75
-43 -32 75
-43 -25 68
-43 -25 68
-43 -16 59
-43 -5 48
-43 1 42
-43 1 42
-43 5 38
-43 15 28
-38 -37 75
-38 -32 70
-38 -32 70
-38 -25 63
-38 -25 63
-38 -5 43
-38 -4 42
-38 4 34
-38 11 27
-37 -29 66
-37 -26 63
-37 -11 48
-37 -11 48
-37 -6 43
-37 -5 42
-37 -1 38
-37 1 36
-37 1 36
-37 3 34
-37 6 31
-32 -25 57
-32 -25 57
-32 -16 48
-32 -11 43
-32 -11 43
-32 -6 38
-32 -4 36
-32 1 31
-32 1 31
-32 4 28
-32 5 27
-32 15 17
-32 -25 57
-32 -25 57
-32 -16 48
-32 -11 43
-32 -11 43
-32 -6 38
-32 -4 36
-32 1 31
-32 1 31
-32 4 28
-32 5 27
-32 15 17
-29 -5 34
-29 1 28
-29 1 28
-26 -16 42
-26 -5 31
-26 -1 27
-26 11 15
-25 -25 50
-25 -11 36
-25 -11 36
-25 -6 31
-25 -3 28
-25 -11 36
-25 -11 36
-25 -6 31
-25 -3 28
-16 -11 27
-16 -11 27
-16 -1 17
-16 1 15
-16 1 15
-16 3 13
-16 5 11
-11 -6 17
-11 -4 15
-11 5 6
-11 -6 17
-11 -4 15
-11 5 6
-6 -5 11
-6 1 5
-6 1 5
-5 -1 6
-5 1 4
-5 1 4
-4 -1 5
-4 1 3
-4 1 3
-3 -1 4
447
